# Created by Octave 4.0.0, Sun Apr 15 17:41:07 2018 IST <bhrt_ubuntu@bhrt-HP-ENVY>
# name: res
# type: matrix
# rows: 15
# columns: 3
 0.4687989569186876 0.9941889779193153 0.5819696491207629
 0.02945987087180995 0.4457893594604117 0.8683297019954728
 0.01366087226291661 0.5512301253815174 0.6636201204959667
 0.1762528259632325 0.727731519972969 0.4572125913641628
 0.03934238379780412 0.03630567740168082 0.963010854532704
 0.5464635777512736 0.9762567740535479 0.9058793117349569
 0.3151708971357249 0.2159876610887274 0.715136259020583
 0.3494927057875555 0.3005791852473423 0.2819777429420326
 0.9735731152520738 0.3385552345276497 0.9059234395156396
 0.5494651900620247 0.180737738819983 0.9658925580777732
 0.5135245337381613 0.4908331582342768 0.7700688228187395
 0.5056431955022064 0.02972795988465375 0.1452799944398162
 0.4560260653083952 0.2744815404499344 0.8161886564756735
 0.2016179545065499 0.526108503500795 0.2259488813990995
 0.4632132174834939 0.6690864875209999 0.482232279289525


